0.163317 0 0.100000 162.740911
0.162774 0 0.100000 171.390918
0.068024 0 0.100000 152.530999
0.346736 0 0.100000 183.302696
0.100457 0 0.100000 232.864753
0.067037 0 0.100000 269.664382
0.108911 0 0.100000 205.884106
0.086861 0 0.100000 228.516595
0.070991 0 0.100000 260.209208
0.084907 0 0.100000 262.635943
0.109621 1 0.100000 253.022907
0.063203 1 0.100000 271.717623
0.063982 1 0.100000 219.836960
0.063534 1 0.100000 233.197139
0.063758 1 0.100000 249.690303
0.063059 1 0.100000 245.753306
0.113471 1 0.100000 227.838379
0.135566 1 0.100000 228.107322
0.063586 1 0.100000 223.786707
0.064568 1 0.100000 228.177544
0.272185 2 0.100000 341.519810
0.153475 2 0.100000 312.978746
0.136064 2 0.100000 292.571669
0.100596 2 0.100000 808.429880
0.136175 2 0.100000 217.314233
0.091116 2 0.100000 251.934573
0.110469 2 0.100000 380.825792
0.129010 2 0.100000 376.716790
0.265252 2 0.100000 343.789291
0.107780 2 0.100000 384.810817
0.373971 3 0.100000 53.597880
0.071565 3 0.100000 42.684638
0.071333 3 0.100000 54.183799
0.071779 3 0.100000 40.103748
0.121824 3 0.100000 44.560693
0.121192 3 0.100000 26.623507
0.071518 3 0.100000 36.339716
0.150326 3 0.100000 76.312967
0.126095 3 0.100000 31.108105
0.154679 3 0.100000 33.989402
0.073084 4 0.100000 765.330084
0.108361 4 0.100000 151.833729
0.069056 4 0.100000 190.882788
0.088461 4 0.100000 193.634489
0.084965 4 0.100000 179.255816
0.079675 4 0.100000 237.829381
0.089897 4 0.100000 271.480947
0.114664 4 0.100000 183.975078
0.090248 4 0.100000 194.510485
0.108865 4 0.100000 198.630512
0.105332 0 0.200000 252.947580
0.082427 0 0.200000 266.101776
0.072397 0 0.200000 227.978641
0.079123 0 0.200000 233.758584
0.199764 0 0.200000 249.927693
0.072495 0 0.200000 310.361195
0.410674 0 0.200000 273.662294
0.142083 0 0.200000 288.024772
0.105025 0 0.200000 275.783944
0.380270 0 0.200000 299.082242
0.058753 1 0.200000 242.648376
0.253128 1 0.200000 249.311380
0.233615 1 0.200000 243.218551
0.059651 1 0.200000 245.295585
0.058682 1 0.200000 263.044348
0.058980 1 0.200000 238.296828
0.058948 1 0.200000 238.625570
0.142052 1 0.200000 237.801132
0.058867 1 0.200000 246.145329
0.058870 1 0.200000 244.531328
0.188556 2 0.200000 472.556269
0.200842 2 0.200000 536.649566
0.159136 2 0.200000 352.130733
0.195471 2 0.200000 324.372787
0.103501 2 0.200000 348.922454
0.105048 2 0.200000 466.883581
0.112885 2 0.200000 391.092830
0.143982 2 0.200000 331.145098
0.158345 2 0.200000 435.923398
0.361051 2 0.200000 463.150056
0.068967 3 0.200000 34.295629
0.240751 3 0.200000 59.618670
0.073392 3 0.200000 46.083365
0.069205 3 0.200000 51.825335
0.074447 3 0.200000 47.168059
0.074731 3 0.200000 47.449378
0.069196 3 0.200000 53.980988
0.129026 3 0.200000 79.095323
0.128370 3 0.200000 56.937160
0.128640 3 0.200000 43.319826
0.114873 4 0.200000 216.757345
0.125388 4 0.200000 144.136455
0.144578 4 0.200000 118.995301
0.093878 4 0.200000 253.498379
0.098817 4 0.200000 216.548815
0.118793 4 0.200000 108.841761
0.065413 4 0.200000 197.312204
0.120094 4 0.200000 169.185510
0.072084 4 0.200000 174.150319
0.150408 4 0.200000 146.769070
0.128549 0 0.300000 312.741296
0.306038 0 0.300000 237.780800
0.180360 0 0.300000 266.311073
0.159310 0 0.300000 228.293421
0.701728 0 0.300000 310.762213
0.108628 0 0.300000 248.000990
0.126470 0 0.300000 282.574084
0.155210 0 0.300000 333.698599
0.411909 0 0.300000 363.346826
0.663730 0 0.300000 370.664351
0.086497 1 0.300000 254.403492
0.086518 1 0.300000 247.644839
0.086513 1 0.300000 252.976780
0.086536 1 0.300000 264.630287
0.086524 1 0.300000 259.229277
0.086506 1 0.300000 248.758273
0.115045 1 0.300000 251.297363
0.086754 1 0.300000 229.805687
0.086506 1 0.300000 255.201889
0.311268 1 0.300000 253.176704
0.313761 2 0.300000 474.389985
0.300125 2 0.300000 379.328848
0.157651 2 0.300000 276.934585
0.151199 2 0.300000 461.318000
0.324262 2 0.300000 432.296257
0.185802 2 0.300000 299.382451
0.142968 2 0.300000 332.671369
0.260470 2 0.300000 391.066762
0.423414 2 0.300000 318.738223
0.231320 2 0.300000 659.612006
0.104734 3 0.300000 21.488852
0.169125 3 0.300000 44.970592
0.141102 3 0.300000 37.461058
0.168093 3 0.300000 42.236515
0.160711 3 0.300000 31.563472
0.149306 3 0.300000 38.590121
0.108291 3 0.300000 40.274612
0.155899 3 0.300000 45.174559
0.243900 3 0.300000 82.511441
0.156411 3 0.300000 54.253165
0.136782 4 0.300000 186.470679
0.136562 4 0.300000 184.150822
0.127793 4 0.300000 247.497325
0.119039 4 0.300000 183.742058
0.125849 4 0.300000 291.884856
0.117553 4 0.300000 198.948941
0.111383 4 0.300000 192.585249
0.132922 4 0.300000 147.682340
0.166411 4 0.300000 170.528064
0.156210 4 0.300000 217.337992
0.506923 0 0.400000 445.268183
1.161711 0 0.400000 212.136914
0.855532 0 0.400000 379.531951
1.488080 0 0.400000 263.841578
1.281496 0 0.400000 240.744577
0.720983 0 0.400000 529.604312
1.234956 0 0.400000 267.672884
1.728238 0 0.400000 225.352293
0.918368 0 0.400000 217.415594
1.195198 0 0.400000 430.564646
0.435327 1 0.400000 208.386427
0.293945 1 0.400000 197.549760
0.416420 1 0.400000 255.949095
0.278278 1 0.400000 240.206018
0.508875 1 0.400000 220.954267
0.392554 1 0.400000 144.986957
0.357562 1 0.400000 198.354636
0.481678 1 0.400000 179.921249
0.278431 1 0.400000 217.618093
0.578834 1 0.400000 170.113848
0.512617 2 0.400000 454.247139
1.152149 2 0.400000 618.080890
0.460798 2 0.400000 564.583445
1.468067 2 0.400000 604.330070
0.626981 2 0.400000 1025.923787
0.690645 2 0.400000 638.018490
0.551472 2 0.400000 599.138450
1.338667 2 0.400000 797.923236
0.877110 2 0.400000 383.102464
0.626232 2 0.400000 359.550322
0.374091 3 0.400000 40.410145
0.245303 3 0.400000 64.206337
0.918817 3 0.400000 46.923765
0.303183 3 0.400000 56.493934
0.983150 3 0.400000 55.308033
0.456974 3 0.400000 58.070036
0.258719 3 0.400000 49.669071
0.688326 3 0.400000 53.964904
0.634881 3 0.400000 84.817247
0.277588 3 0.400000 31.343403
0.422197 4 0.400000 178.336176
0.335791 4 0.400000 121.549793
0.240213 4 0.400000 109.681345
0.499235 4 0.400000 137.970963
0.309710 4 0.400000 151.533888
0.422845 4 0.400000 232.665980
0.383469 4 0.400000 214.910960
0.322205 4 0.400000 129.209065
0.314470 4 0.400000 259.598214
0.437116 4 0.400000 173.846358
1.023698 0 0.500000 431.944956
1.313413 0 0.500000 205.278740
0.472741 0 0.500000 407.343507
2.021949 0 0.500000 192.153188
0.990334 0 0.500000 181.776447
1.173378 0 0.500000 322.152431
1.801491 0 0.500000 384.564994
1.914404 0 0.500000 426.145128
0.573675 0 0.500000 271.479130
1.209115 0 0.500000 366.376758
0.305836 1 0.500000 267.363287
0.265957 1 0.500000 217.850071
0.707256 1 0.500000 244.331299
0.608002 1 0.500000 194.653332
0.707410 1 0.500000 204.475082
0.625728 1 0.500000 234.553584
0.274642 1 0.500000 205.631337
0.265993 1 0.500000 236.558100
0.338822 1 0.500000 246.305289
0.620689 1 0.500000 261.932659
1.251963 2 0.500000 731.607645
0.994752 2 0.500000 889.975816
0.967987 2 0.500000 822.454113
0.881009 2 0.500000 605.784364
0.465080 2 0.500000 526.815023
1.072458 2 0.500000 536.832291
1.934333 2 0.500000 786.366962
1.704628 2 0.500000 746.591387
1.997931 2 0.500000 686.067530
1.811401 2 0.500000 691.020345
0.802494 3 0.500000 71.569850
0.413094 3 0.500000 54.915525
0.598496 3 0.500000 80.718752
1.836544 3 0.500000 41.210521
0.394087 3 0.500000 92.735533
0.386720 3 0.500000 53.367991
1.161648 3 0.500000 72.043336
1.130497 3 0.500000 44.406423
1.111185 3 0.500000 44.180247
0.248432 3 0.500000 34.240293
0.326827 4 0.500000 61.116166
0.202002 4 0.500000 28.682672
0.380881 4 0.500000 146.415980
0.399589 4 0.500000 160.421165
0.235404 4 0.500000 119.611868
0.329992 4 0.500000 53.085976
0.275550 4 0.500000 65.020946
0.425402 4 0.500000 287.366519
0.267070 4 0.500000 141.693117
0.538612 4 0.500000 167.158939
1.412049 0 0.600000 325.654400
3.796105 0 0.600000 268.723236
1.725277 0 0.600000 266.397575
1.060388 0 0.600000 253.194707
3.230104 0 0.600000 378.075094
2.117926 0 0.600000 299.034800
2.668426 0 0.600000 369.440618
2.874557 0 0.600000 278.649295
1.631452 0 0.600000 305.509758
1.479873 0 0.600000 248.929853
1.278478 1 0.600000 306.848466
0.567646 1 0.600000 282.119897
0.624491 1 0.600000 241.047035
1.472708 1 0.600000 271.790260
1.887074 1 0.600000 346.770522
1.029331 1 0.600000 246.871666
1.380233 1 0.600000 274.850830
1.033774 1 0.600000 279.029569
0.978524 1 0.600000 342.949089
1.830716 1 0.600000 264.663601
1.211182 2 0.600000 1400.607629
2.847972 2 0.600000 1094.622852
2.112543 2 0.600000 704.930944
1.698024 2 0.600000 830.328727
1.897620 2 0.600000 1264.948403
1.887009 2 0.600000 1234.401034
2.675177 2 0.600000 1116.428005
2.003684 2 0.600000 708.019185
1.792898 2 0.600000 732.581005
1.567134 2 0.600000 631.337319
1.197833 3 0.600000 44.645679
0.687469 3 0.600000 94.210013
0.670431 3 0.600000 112.810862
2.483609 3 0.600000 71.270800
0.994992 3 0.600000 145.235908
1.417501 3 0.600000 65.324770
2.541696 3 0.600000 85.400702
2.527436 3 0.600000 48.111506
2.258689 3 0.600000 92.979073
2.244123 3 0.600000 63.565637
0.661825 4 0.600000 103.346178
0.992202 4 0.600000 182.076076
0.537828 4 0.600000 114.815429
0.602537 4 0.600000 361.532068
1.396678 4 0.600000 202.914897
0.638530 4 0.600000 154.261114
0.713518 4 0.600000 266.682096
0.977222 4 0.600000 273.234385
1.093589 4 0.600000 179.423741
1.238930 4 0.600000 183.255705
2.078422 0 0.700000 349.761463
2.465329 0 0.700000 456.113678
2.894423 0 0.700000 255.314078
2.036556 0 0.700000 247.123436
2.945689 0 0.700000 322.060291
2.389506 0 0.700000 306.868341
3.291278 0 0.700000 324.702196
2.185172 0 0.700000 296.384649
3.143444 0 0.700000 264.117121
2.775187 0 0.700000 326.079726
0.776592 1 0.700000 300.896019
1.013397 1 0.700000 233.786737
1.250650 1 0.700000 297.962894
0.943196 1 0.700000 399.649262
0.689719 1 0.700000 284.368820
0.553887 1 0.700000 264.828530
1.021735 1 0.700000 287.799909
1.410993 1 0.700000 234.969735
1.406426 1 0.700000 244.823444
1.050553 1 0.700000 220.844029
2.272584 2 0.700000 872.239754
1.648871 2 0.700000 59488.057611
1.550016 2 0.700000 1252.896945
1.864667 2 0.700000 1162.931399
1.318136 2 0.700000 1490.506508
2.016873 2 0.700000 1215.978221
2.408965 2 0.700000 1301.249944
1.560365 2 0.700000 1228.207910
1.674702 2 0.700000 1140.600178
2.936054 2 0.700000 790.336387
1.195230 3 0.700000 71.337906
4.509229 3 0.700000 103.206282
5.171625 3 0.700000 542.755072
3.834681 3 0.700000 54.987537
3.195516 3 0.700000 86.955887
1.782348 3 0.700000 88.283807
2.341129 3 0.700000 307.783152
0.640572 3 0.700000 49.502874
1.809451 3 0.700000 46.422933
1.613366 3 0.700000 77.378672
0.840238 4 0.700000 187.210446
0.679953 4 0.700000 152.762801
0.829861 4 0.700000 165.238524
0.713339 4 0.700000 229.279048
0.612785 4 0.700000 166.781305
0.544539 4 0.700000 137.502190
0.942661 4 0.700000 183.132841
0.987877 4 0.700000 221.904845
1.056282 4 0.700000 132.038841
0.797675 4 0.700000 148.824681
2.983901 0 0.800000 630.004097
3.031593 0 0.800000 388.889915
3.123435 0 0.800000 320.316292
4.610711 0 0.800000 444.884158
6.522761 0 0.800000 593.025388
3.764195 0 0.800000 766.167088
1.630059 0 0.800000 553.757699
2.077953 0 0.800000 341.320325
3.456687 0 0.800000 354.350219
3.762591 0 0.800000 545.530200
1.075289 1 0.800000 263.274034
1.459737 1 0.800000 211.338321
1.280457 1 0.800000 267.936177
1.745604 1 0.800000 275.085888
1.914008 1 0.800000 291.043381
1.711716 1 0.800000 256.975105
1.533561 1 0.800000 296.777174
1.631919 1 0.800000 250.451658
0.865660 1 0.800000 383.231556
1.505494 1 0.800000 289.151253
2.736718 2 0.800000 916.969406
3.061660 2 0.800000 1110.585425
2.289637 2 0.800000 2122.008789
2.812013 2 0.800000 2314.975505
2.723271 2 0.800000 5385.083312
3.172040 2 0.800000 1339.023360
2.220082 2 0.800000 1399.435652
1.462165 2 0.800000 1405.653750
2.755178 2 0.800000 1439.510182
2.079337 2 0.800000 1506.978325
1.773212 3 0.800000 45.040489
6.716915 3 0.800000 128.406216
5.019637 3 0.800000 141.161883
4.749049 3 0.800000 66.882376
9.834637 3 0.800000 95.547153
6.530889 3 0.800000 127.820521
8.146211 3 0.800000 96.405766
2.248273 3 0.800000 98.465599
4.600538 3 0.800000 176.985965
4.467135 3 0.800000 56.912100
0.782303 4 0.800000 211.210495
0.818406 4 0.800000 249.593411
1.041006 4 0.800000 162.183022
1.198856 4 0.800000 130.507996
0.915693 4 0.800000 2270.551611
0.947702 4 0.800000 143.883823
1.048157 4 0.800000 413.815145
0.734627 4 0.800000 125.399642
0.753627 4 0.800000 112.599900
0.892133 4 0.800000 155.673826
4.069349 0 0.900000 331.171862
2.458653 0 0.900000 674.126624
2.795961 0 0.900000 414.719127
6.060851 0 0.900000 430.951083
2.262114 0 0.900000 824.838253
3.340729 0 0.900000 542.200462
4.494768 0 0.900000 473.223979
2.252212 0 0.900000 797.510619
4.959980 0 0.900000 437.057190
4.696355 0 0.900000 685.955729
1.564093 1 0.900000 175.182941
1.607809 1 0.900000 206.252299
1.509187 1 0.900000 173.683289
1.466094 1 0.900000 191.975413
2.034164 1 0.900000 217.266059
1.716314 1 0.900000 180.425723
2.376248 1 0.900000 185.499740
1.715280 1 0.900000 192.891814
1.300761 1 0.900000 243.581307
2.327281 1 0.900000 204.162132
1.904610 2 0.900000 1458.764274
2.036864 2 0.900000 1416.402813
2.147373 2 0.900000 1140.229997
3.107228 2 0.900000 1736.265052
2.399015 2 0.900000 1191.981304
2.939417 2 0.900000 1149.607222
2.707195 2 0.900000 910.372912
1.726352 2 0.900000 1693.883055
3.323053 2 0.900000 1302.240852
2.467897 2 0.900000 1937.421678
3.179757 3 0.900000 42.774426
3.706033 3 0.900000 51.895794
5.813107 3 0.900000 80.002154
4.944751 3 0.900000 68.783909
9.591484 3 0.900000 320.704940
3.192813 3 0.900000 45.927856
4.060751 3 0.900000 41.142989
2.375258 3 0.900000 69.101319
2.615534 3 0.900000 74.397063
7.429819 3 0.900000 38.764087
0.843156 4 0.900000 229.678981
0.805689 4 0.900000 94.066425
0.843994 4 0.900000 77.028336
1.032173 4 0.900000 355.596057
0.864929 4 0.900000 194.791102
1.262561 4 0.900000 170.954963
1.269686 4 0.900000 220.309558
0.773679 4 0.900000 206.761621
1.133503 4 0.900000 324.552307
1.280340 4 0.900000 723.232509
