0.025470 0 0.100000 189.194306
0.022774 0 0.100000 175.303094
0.493978 0 0.100000 175.766199
0.023739 0 0.100000 218.079908
0.024477 0 0.100000 145.680012
1.049485 0 0.100000 149.277108
0.034147 0 0.100000 179.988806
0.350589 0 0.100000 190.707570
0.022522 0 0.100000 223.289391
0.026025 0 0.100000 205.095913
0.023536 1 0.100000 248.071593
0.023213 1 0.100000 208.872639
0.023401 1 0.100000 188.028486
0.023186 1 0.100000 189.353863
0.023576 1 0.100000 179.706660
0.024771 1 0.100000 233.139523
0.024142 1 0.100000 200.885212
0.023488 1 0.100000 198.127688
0.023064 1 0.100000 206.064213
0.024610 1 0.100000 211.845441
0.041924 2 0.100000 184.438898
0.067792 2 0.100000 190.469737
0.510531 2 0.100000 211.655107
0.039145 2 0.100000 215.425146
0.103818 2 0.100000 236.596578
0.122681 2 0.100000 259.959181
0.128574 2 0.100000 237.951038
0.327090 2 0.100000 213.596023
0.079397 2 0.100000 192.810834
0.063931 2 0.100000 194.281733
0.023277 3 0.100000 30.673551
0.023016 3 0.100000 28.655894
0.023634 3 0.100000 31.420799
0.023959 3 0.100000 31.145034
0.023629 3 0.100000 29.646843
0.023396 3 0.100000 25.144375
0.023446 3 0.100000 34.353451
0.023456 3 0.100000 31.543527
0.023208 3 0.100000 28.096291
0.022862 3 0.100000 30.235358
0.022051 4 0.100000 78.256262
0.024841 4 0.100000 55.010354
0.049488 4 0.100000 52.525927
0.025730 4 0.100000 50.547616
0.031115 4 0.100000 67.753632
0.025801 4 0.100000 53.451394
0.021528 4 0.100000 51.437539
0.068813 4 0.100000 68.217887
0.019190 4 0.100000 51.426224
0.025927 4 0.100000 66.740402
0.864548 0 0.200000 232.825855
0.074833 0 0.200000 253.376825
1.552455 0 0.200000 233.578771
0.076278 0 0.200000 209.179979
0.073674 0 0.200000 212.610220
0.092676 0 0.200000 219.551134
0.076980 0 0.200000 249.273959
1.230455 0 0.200000 250.027293
0.243238 0 0.200000 220.736230
0.070514 0 0.200000 267.694224
0.072427 1 0.200000 273.304825
0.072627 1 0.200000 266.061227
0.071995 1 0.200000 223.135086
0.074064 1 0.200000 241.377118
0.074505 1 0.200000 254.190685
0.731342 1 0.200000 245.846044
0.072576 1 0.200000 240.423274
0.073032 1 0.200000 252.135415
0.242598 1 0.200000 248.044189
0.072365 1 0.200000 284.417143
0.373177 2 0.200000 594.300711
0.312811 2 0.200000 286.695652
1.667358 2 0.200000 316.324436
0.360924 2 0.200000 231.675619
0.807152 2 0.200000 227.808879
0.669991 2 0.200000 379.156680
0.501654 2 0.200000 273.493992
0.291111 2 0.200000 1047.846496
0.311606 2 0.200000 213.754784
0.933151 2 0.200000 271.230111
0.072329 3 0.200000 22.758771
0.072781 3 0.200000 37.750391
0.072385 3 0.200000 28.481610
0.072697 3 0.200000 27.903666
0.072305 3 0.200000 35.772863
0.072472 3 0.200000 42.490827
0.072467 3 0.200000 30.746777
0.072251 3 0.200000 39.268795
0.072448 3 0.200000 42.448802
0.072305 3 0.200000 38.032227
0.209385 4 0.200000 53.356387
0.158977 4 0.200000 51.314392
0.468646 4 0.200000 98.005829
0.188780 4 0.200000 81.728077
0.285507 4 0.200000 115.622342
0.368402 4 0.200000 169.521768
0.258292 4 0.200000 75.221415
0.142390 4 0.200000 78.931414
0.254541 4 0.200000 63.222811
0.222066 4 0.200000 54.563960
2.706111 0 0.300000 236.734228
2.014494 0 0.300000 249.254804
0.434760 0 0.300000 286.969445
0.631227 0 0.300000 214.499377
4.630350 0 0.300000 8488.998431
3.610800 0 0.300000 204.132269
0.701381 0 0.300000 245.296197
0.711750 0 0.300000 199.180014
3.678468 0 0.300000 504.664167
0.412192 0 0.300000 221.056965
0.412255 1 0.300000 299.402783
0.891935 1 0.300000 338.829417
0.412474 1 0.300000 62324.199446
1.171642 1 0.300000 299.029726
0.880348 1 0.300000 289.935657
0.617748 1 0.300000 321.724627
0.623882 1 0.300000 306.464793
0.713992 1 0.300000 265.806663
0.210640 1 0.300000 292.309267
0.442259 1 0.300000 255.239021
2.536019 2 0.300000 302.817095
1.850971 2 0.300000 396.896522
1.527929 2 0.300000 409.447071
0.584230 2 0.300000 251.653021
0.560220 2 0.300000 609.571401
2.101216 2 0.300000 455.052171
1.949976 2 0.300000 283.212903
0.705596 2 0.300000 290.463908
1.475290 2 0.300000 502.026233
0.957921 2 0.300000 369.326929
0.412532 3 0.300000 33.881055
0.447841 3 0.300000 38.537731
0.413258 3 0.300000 51.456514
0.412110 3 0.300000 34.355730
0.412018 3 0.300000 33.880413
0.412744 3 0.300000 22.657316
2.358966 3 0.300000 27.696580
0.423646 3 0.300000 51.531094
0.412389 3 0.300000 43.536800
0.411927 3 0.300000 18.863675
0.321158 4 0.300000 65.930855
0.268233 4 0.300000 167.152008
0.409431 4 0.300000 66.116212
0.260209 4 0.300000 185.391915
0.833410 4 0.300000 155.361037
0.852773 4 0.300000 131.121118
0.229055 4 0.300000 167.707529
0.691632 4 0.300000 105.854126
0.243023 4 0.300000 106.014428
0.576516 4 0.300000 133.586426
3.575111 0 0.400000 251.700253
0.830789 0 0.400000 228.913628
0.637649 0 0.400000 197.539623
0.453121 0 0.400000 258.702478
0.315041 0 0.400000 257.013635
1.249871 0 0.400000 267.718859
1.131979 0 0.400000 269.699754
1.264529 0 0.400000 221.517761
0.944561 0 0.400000 207.598471
2.260664 0 0.400000 210.509500
0.823750 1 0.400000 255.986759
0.458892 1 0.400000 243.759342
0.577007 1 0.400000 255.849303
0.459326 1 0.400000 289.083934
0.428693 1 0.400000 265.715638
0.355570 1 0.400000 254.304054
0.459734 1 0.400000 262.248567
1.496684 1 0.400000 257.135199
0.443829 1 0.400000 240.213508
0.457881 1 0.400000 300.334491
4.110273 2 0.400000 5206.939476
2.340111 2 0.400000 733.005623
0.924792 2 0.400000 430.456750
1.600781 2 0.400000 594.254647
1.417030 2 0.400000 565.424396
1.162528 2 0.400000 448.222772
1.285359 2 0.400000 580.071494
1.557798 2 0.400000 510.745557
1.182391 2 0.400000 664.990738
1.286582 2 0.400000 305.843808
0.458877 3 0.400000 20.350938
0.457478 3 0.400000 26.124190
0.457978 3 0.400000 15.727339
0.459239 3 0.400000 21.639772
0.459201 3 0.400000 19.847573
0.354860 3 0.400000 42.444414
0.458981 3 0.400000 32.120383
0.458883 3 0.400000 25.276068
0.459116 3 0.400000 18.297643
0.975358 3 0.400000 17.659175
0.776945 4 0.400000 130.396873
0.384291 4 0.400000 64.479024
0.636124 4 0.400000 108.389486
0.414470 4 0.400000 53.546791
0.367596 4 0.400000 97.821920
0.624070 4 0.400000 82.832935
0.432031 4 0.400000 40.163721
0.623973 4 0.400000 100.368364
0.621450 4 0.400000 178.174592
0.216675 4 0.400000 87.643479
1.836055 0 0.500000 245.755474
1.239899 0 0.500000 336.126504
1.033524 0 0.500000 401.942947
4.172392 0 0.500000 205.239476
1.642554 0 0.500000 315.009528
0.590060 0 0.500000 267.009007
1.160057 0 0.500000 294.575262
4.240464 0 0.500000 277.114929
0.744164 0 0.500000 462.290982
1.145601 0 0.500000 469.639307
0.247791 1 0.500000 313.220610
0.369157 1 0.500000 259.524611
0.197851 1 0.500000 298.436756
0.927814 1 0.500000 278.987377
0.446135 1 0.500000 248.928864
0.570447 1 0.500000 221.898462
0.371898 1 0.500000 243.746760
0.263986 1 0.500000 242.243051
2.388841 1 0.500000 240.508299
1.061725 1 0.500000 247.661741
1.097660 2 0.500000 407.599239
1.734096 2 0.500000 591.104680
1.806913 2 0.500000 611.711952
3.765221 2 0.500000 511.901602
1.106453 2 0.500000 416.191130
1.003126 2 0.500000 585.985765
2.120435 2 0.500000 920.949995
0.785008 2 0.500000 585.022431
22.976545 2 0.500000 1486.877447
1.362819 2 0.500000 919.212435
0.719347 3 0.500000 27.290043
0.371904 3 0.500000 99.111481
0.369250 3 0.500000 55.322384
0.371422 3 0.500000 67.757828
0.375203 3 0.500000 79.046829
0.369323 3 0.500000 49.708570
4.508114 3 0.500000 60.957487
0.370470 3 0.500000 76.707240
0.369272 3 0.500000 53.468047
0.369670 3 0.500000 55.162561
0.348137 4 0.500000 57.796452
0.451414 4 0.500000 157.670469
0.520480 4 0.500000 91.992478
0.506964 4 0.500000 170.616809
0.615279 4 0.500000 111.155291
0.628837 4 0.500000 91.998829
0.426904 4 0.500000 153.503217
0.263620 4 0.500000 67.263449
1.170046 4 0.500000 159.697783
0.779129 4 0.500000 366.135574
1.179836 0 0.600000 189.467860
0.394509 0 0.600000 41921.668401
0.217703 0 0.600000 221.322348
1.148019 0 0.600000 252.776042
1.164560 0 0.600000 294.113580
2.570589 0 0.600000 189.999761
1.016591 0 0.600000 210.159231
2.022438 0 0.600000 266.108268
2.285918 0 0.600000 527.820124
0.439970 0 0.600000 268.401768
0.567010 1 0.600000 273.005963
0.373473 1 0.600000 168.568403
0.656088 1 0.600000 251.302504
0.882064 1 0.600000 213.392608
1.413404 1 0.600000 251.280780
0.998288 1 0.600000 184.796502
0.373478 1 0.600000 248.661582
0.458777 1 0.600000 238.447090
0.819054 1 0.600000 263.358107
0.574830 1 0.600000 253.177945
1.974241 2 0.600000 730.635334
1.528617 2 0.600000 513.295448
0.755627 2 0.600000 657.970984
1.278829 2 0.600000 550.536326
21.915021 2 0.600000 683.187788
1.272307 2 0.600000 563.298703
1.855413 2 0.600000 595.381017
1.319653 2 0.600000 665.794991
3.067049 2 0.600000 607.911757
21.753600 2 0.600000 3249.724864
3.255964 3 0.600000 32.416782
0.373526 3 0.600000 54.359313
0.375446 3 0.600000 59.037163
0.373547 3 0.600000 33.548819
1.276476 3 0.600000 38.473479
4.283017 3 0.600000 31.736853
1.277450 3 0.600000 56.287696
0.373601 3 0.600000 35.657841
4.883658 3 0.600000 51.786328
1.970509 3 0.600000 24.390013
0.700252 4 0.600000 223.445879
0.240910 4 0.600000 88.206691
0.527539 4 0.600000 195.449047
0.928064 4 0.600000 119.364810
0.735763 4 0.600000 334.867559
0.256506 4 0.600000 168.354646
0.487081 4 0.600000 150.908914
0.637056 4 0.600000 148.271561
0.455236 4 0.600000 129.977834
0.650442 4 0.600000 102.416299
2.982843 0 0.700000 378.998715
9.268962 0 0.700000 554.256951
3.926122 0 0.700000 589.133190
0.530227 0 0.700000 253.464121
0.301772 0 0.700000 80643.069089
2.603941 0 0.700000 392.376802
2.673165 0 0.700000 504.007657
0.491088 0 0.700000 268.828059
1.235247 0 0.700000 759.208273
1.206296 0 0.700000 398.297879
1.375633 1 0.700000 294.680741
1.382856 1 0.700000 274.219179
0.377394 1 0.700000 389.114882
1.144055 1 0.700000 173.364398
1.029921 1 0.700000 256.518268
0.762300 1 0.700000 273.251895
1.174523 1 0.700000 273.479735
0.371352 1 0.700000 299.237789
0.459297 1 0.700000 358.469280
1.311678 1 0.700000 337.448063
2.047990 2 0.700000 399.234604
2.309084 2 0.700000 1275.664234
1.900878 2 0.700000 1479.238913
1.135655 2 0.700000 685.765842
0.947661 2 0.700000 826.363113
2.600418 2 0.700000 770.959809
2.086141 2 0.700000 808.766315
1.215367 2 0.700000 1424.583392
2.228640 2 0.700000 920.807893
1.258021 2 0.700000 596.601302
2.340509 3 0.700000 33.208875
0.371491 3 0.700000 55.676110
0.371503 3 0.700000 125.257500
0.371706 3 0.700000 69.612859
1.029751 3 0.700000 42.870412
0.376252 3 0.700000 65.720322
0.371475 3 0.700000 58479.715614
0.371614 3 0.700000 74.877424
3.452247 3 0.700000 77.572360
0.371330 3 0.700000 57.635231
0.370931 4 0.700000 108.974354
0.831330 4 0.700000 75.763759
0.303230 4 0.700000 95.115069
0.767451 4 0.700000 543.146024
0.387792 4 0.700000 82.559989
0.559680 4 0.700000 126.185656
0.426749 4 0.700000 99.705428
0.288768 4 0.700000 136.552505
0.721806 4 0.700000 232.951667
0.913547 4 0.700000 176.357125
2.683131 0 0.800000 845.504306
2.136055 0 0.800000 414.252024
0.406576 0 0.800000 409.288014
3.453955 0 0.800000 451.281600
1.793045 0 0.800000 391.108235
3.702777 0 0.800000 772.113991
2.657896 0 0.800000 387.353485
1.540525 0 0.800000 497.560788
3.068588 0 0.800000 424.118748
2.231658 0 0.800000 702.975274
0.994079 1 0.800000 231.392269
0.497291 1 0.800000 280.747850
0.806303 1 0.800000 229.909143
0.425516 1 0.800000 220.064464
2.140151 1 0.800000 257.801977
0.613686 1 0.800000 230.914795
1.091000 1 0.800000 266.859031
0.990065 1 0.800000 284.221263
0.803193 1 0.800000 305.872488
1.383069 1 0.800000 8248.868773
2.632851 2 0.800000 2588.241602
3.700190 2 0.800000 588.518614
5.341263 2 0.800000 559.573731
2.291811 2 0.800000 68946.485898
3.161466 2 0.800000 755.196532
3.590960 2 0.800000 776.426114
2.751757 2 0.800000 896.991313
2.006425 2 0.800000 764.676237
2.150681 2 0.800000 580.495389
0.786392 2 0.800000 1277.811679
2.610284 3 0.800000 34.309984
0.371125 3 0.800000 46.773756
0.370721 3 0.800000 51.280430
0.371005 3 0.800000 48.416464
7.301540 3 0.800000 80.045962
0.370957 3 0.800000 57.604025
0.370977 3 0.800000 43.818263
0.371178 3 0.800000 52.890714
0.370992 3 0.800000 60.790227
0.370755 3 0.800000 83.446848
0.765472 4 0.800000 547.131459
0.463671 4 0.800000 144.648322
0.671473 4 0.800000 121.265922
0.456858 4 0.800000 230.251844
0.827782 4 0.800000 160.825819
1.122451 4 0.800000 120.405794
0.803882 4 0.800000 426.511036
0.917910 4 0.800000 315.103997
0.567210 4 0.800000 280.072199
0.743904 4 0.800000 191.053902
2.422989 0 0.900000 385.505231
7.707751 0 0.900000 324.340646
4.436474 0 0.900000 411.135587
1.202881 0 0.900000 587.406690
1.126410 0 0.900000 333.457540
3.107337 0 0.900000 304.776492
4.208522 0 0.900000 505.546879
1.367005 0 0.900000 487.193776
0.360853 0 0.900000 338.443350
1.974257 0 0.900000 274.997182
1.203261 1 0.900000 262.017489
0.430808 1 0.900000 222.438825
0.861146 1 0.900000 227.630243
0.383881 1 0.900000 142.932786
0.947506 1 0.900000 328.990155
0.821869 1 0.900000 276.173852
0.405788 1 0.900000 272.366328
0.372093 1 0.900000 300.654200
1.247993 1 0.900000 317.583037
0.886771 1 0.900000 342.777219
2.190934 2 0.900000 1189.114164
3.370439 2 0.900000 763.190403
0.901611 2 0.900000 61751.452470
21.729702 2 0.900000 1372.074872
1.550038 2 0.900000 633.706267
1.601572 2 0.900000 562.516810
3.256075 2 0.900000 521.207655
1.114389 2 0.900000 937.591247
3.452345 2 0.900000 1291.460219
2.018897 2 0.900000 861.651585
1.433940 3 0.900000 41.409079
7.978462 3 0.900000 51.038557
0.372398 3 0.900000 94.698042
0.372388 3 0.900000 38.849571
0.372547 3 0.900000 57.898811
4.455397 3 0.900000 37.319830
3.716659 3 0.900000 40.972349
1.944051 3 0.900000 39.222999
0.372171 3 0.900000 70.941782
0.371947 3 0.900000 68.264430
0.677393 4 0.900000 124.866053
0.701677 4 0.900000 150.213152
0.579464 4 0.900000 209.466530
0.570257 4 0.900000 84.105686
0.690990 4 0.900000 258.482385
0.771164 4 0.900000 244.149843
0.506646 4 0.900000 164.975999
0.393897 4 0.900000 146.744890
0.488792 4 0.900000 126.573214
1.373298 4 0.900000 169.208464
